#Importing the libarries
#Deep learning libraries
#1.Theano
#2.Keras
#3.Tensorflow
#4.PyTorch

[ ]	import numpy as np
	import matplotlib.pyplot as plt
	import seaborn as sns
	import tensorflow as tf
	from tensorflow import keras

#Importing the dataset

[ ]	data = keras.datasets.mnist
[ ]	data
<module 'keras.api._v2.keras.datasets.mnist' from '/usr/local/lib/python3.7/dist-packages/keras/api/_v2/keras/datasets/mnist/__init__.py'>


[ ]	df = data.load_data()
Downloading data from https://storage.googleapis.com/tensorflow/tf-keras-datasets/mnist.npz
11493376/11490434 [==============================] - 0s 0us/step
11501568/11490434 [==============================] - 0s 0us/step


[ ]	df
((array([[[0, 0, 0, ..., 0, 0, 0],
          [0, 0, 0, ..., 0, 0, 0],
          [0, 0, 0, ..., 0, 0, 0],
          ...,
          [0, 0, 0, ..., 0, 0, 0],
          [0, 0, 0, ..., 0, 0, 0],
          [0, 0, 0, ..., 0, 0, 0]],
  
         [[0, 0, 0, ..., 0, 0, 0],
          [0, 0, 0, ..., 0, 0, 0],
          [0, 0, 0, ..., 0, 0, 0],
          ...,
          [0, 0, 0, ..., 0, 0, 0],
          [0, 0, 0, ..., 0, 0, 0],
          [0, 0, 0, ..., 0, 0, 0]],
  
         [[0, 0, 0, ..., 0, 0, 0],
          [0, 0, 0, ..., 0, 0, 0],
          [0, 0, 0, ..., 0, 0, 0],
          ...,
          [0, 0, 0, ..., 0, 0, 0],
          [0, 0, 0, ..., 0, 0, 0],
          [0, 0, 0, ..., 0, 0, 0]],
  
         ...,
  
         [[0, 0, 0, ..., 0, 0, 0],
          [0, 0, 0, ..., 0, 0, 0],
          [0, 0, 0, ..., 0, 0, 0],
          ...,
          [0, 0, 0, ..., 0, 0, 0],
          [0, 0, 0, ..., 0, 0, 0],
          [0, 0, 0, ..., 0, 0, 0]],
  
         [[0, 0, 0, ..., 0, 0, 0],
          [0, 0, 0, ..., 0, 0, 0],
          [0, 0, 0, ..., 0, 0, 0],
          ...,
          [0, 0, 0, ..., 0, 0, 0],
          [0, 0, 0, ..., 0, 0, 0],
          [0, 0, 0, ..., 0, 0, 0]],
  
         [[0, 0, 0, ..., 0, 0, 0],
          [0, 0, 0, ..., 0, 0, 0],
          [0, 0, 0, ..., 0, 0, 0],
          ...,
          [0, 0, 0, ..., 0, 0, 0],
          [0, 0, 0, ..., 0, 0, 0],
          [0, 0, 0, ..., 0, 0, 0]]], dtype=uint8),
  array([5, 0, 4, ..., 5, 6, 8], dtype=uint8)),
 (array([[[0, 0, 0, ..., 0, 0, 0],
          [0, 0, 0, ..., 0, 0, 0],
          [0, 0, 0, ..., 0, 0, 0],
          ...,
          [0, 0, 0, ..., 0, 0, 0],
          [0, 0, 0, ..., 0, 0, 0],
          [0, 0, 0, ..., 0, 0, 0]],
  
         [[0, 0, 0, ..., 0, 0, 0],
          [0, 0, 0, ..., 0, 0, 0],
          [0, 0, 0, ..., 0, 0, 0],
          ...,
          [0, 0, 0, ..., 0, 0, 0],
          [0, 0, 0, ..., 0, 0, 0],
          [0, 0, 0, ..., 0, 0, 0]],
  
         [[0, 0, 0, ..., 0, 0, 0],
          [0, 0, 0, ..., 0, 0, 0],
          [0, 0, 0, ..., 0, 0, 0],
          ...,
          [0, 0, 0, ..., 0, 0, 0],
          [0, 0, 0, ..., 0, 0, 0],
          [0, 0, 0, ..., 0, 0, 0]],
  
         ...,
  
         [[0, 0, 0, ..., 0, 0, 0],
          [0, 0, 0, ..., 0, 0, 0],
          [0, 0, 0, ..., 0, 0, 0],
          ...,
          [0, 0, 0, ..., 0, 0, 0],
          [0, 0, 0, ..., 0, 0, 0],
          [0, 0, 0, ..., 0, 0, 0]],
  
         [[0, 0, 0, ..., 0, 0, 0],
          [0, 0, 0, ..., 0, 0, 0],
          [0, 0, 0, ..., 0, 0, 0],
          ...,
          [0, 0, 0, ..., 0, 0, 0],
          [0, 0, 0, ..., 0, 0, 0],
          [0, 0, 0, ..., 0, 0, 0]],
  
         [[0, 0, 0, ..., 0, 0, 0],
          [0, 0, 0, ..., 0, 0, 0],
          [0, 0, 0, ..., 0, 0, 0],
          ...,
          [0, 0, 0, ..., 0, 0, 0],
          [0, 0, 0, ..., 0, 0, 0],
          [0, 0, 0, ..., 0, 0, 0]]], dtype=uint8),
  array([7, 2, 1, ..., 4, 5, 6], dtype=uint8)))


[ ]	(X_train,y_train),(X_test,y_test) = df


[ ]	X_train.shape
(60000, 28, 28)


[ ]	X_test.shape
(10000, 28, 28)



[ ]	X_train[0]
array([[  0,   0,   0,   0,   0,   0,   0,   0,   0,   0,   0,   0,   0,
          0,   0,   0,   0,   0,   0,   0,   0,   0,   0,   0,   0,   0,
          0,   0],
       [  0,   0,   0,   0,   0,   0,   0,   0,   0,   0,   0,   0,   0,
          0,   0,   0,   0,   0,   0,   0,   0,   0,   0,   0,   0,   0,
          0,   0],
       [  0,   0,   0,   0,   0,   0,   0,   0,   0,   0,   0,   0,   0,
          0,   0,   0,   0,   0,   0,   0,   0,   0,   0,   0,   0,   0,
          0,   0],
       [  0,   0,   0,   0,   0,   0,   0,   0,   0,   0,   0,   0,   0,
          0,   0,   0,   0,   0,   0,   0,   0,   0,   0,   0,   0,   0,
          0,   0],
       [  0,   0,   0,   0,   0,   0,   0,   0,   0,   0,   0,   0,   0,
          0,   0,   0,   0,   0,   0,   0,   0,   0,   0,   0,   0,   0,
          0,   0],
       [  0,   0,   0,   0,   0,   0,   0,   0,   0,   0,   0,   0,   3,
         18,  18,  18, 126, 136, 175,  26, 166, 255, 247, 127,   0,   0,
          0,   0],
       [  0,   0,   0,   0,   0,   0,   0,   0,  30,  36,  94, 154, 170,
        253, 253, 253, 253, 253, 225, 172, 253, 242, 195,  64,   0,   0,
          0,   0],
       [  0,   0,   0,   0,   0,   0,   0,  49, 238, 253, 253, 253, 253,
        253, 253, 253, 253, 251,  93,  82,  82,  56,  39,   0,   0,   0,
          0,   0],
       [  0,   0,   0,   0,   0,   0,   0,  18, 219, 253, 253, 253, 253,
        253, 198, 182, 247, 241,   0,   0,   0,   0,   0,   0,   0,   0,
          0,   0],
       [  0,   0,   0,   0,   0,   0,   0,   0,  80, 156, 107, 253, 253,
        205,  11,   0,  43, 154,   0,   0,   0,   0,   0,   0,   0,   0,
          0,   0],
       [  0,   0,   0,   0,   0,   0,   0,   0,   0,  14,   1, 154, 253,
         90,   0,   0,   0,   0,   0,   0,   0,   0,   0,   0,   0,   0,
          0,   0],
       [  0,   0,   0,   0,   0,   0,   0,   0,   0,   0,   0, 139, 253,
        190,   2,   0,   0,   0,   0,   0,   0,   0,   0,   0,   0,   0,
          0,   0],
       [  0,   0,   0,   0,   0,   0,   0,   0,   0,   0,   0,  11, 190,
        253,  70,   0,   0,   0,   0,   0,   0,   0,   0,   0,   0,   0,
          0,   0],
       [  0,   0,   0,   0,   0,   0,   0,   0,   0,   0,   0,   0,  35,
        241, 225, 160, 108,   1,   0,   0,   0,   0,   0,   0,   0,   0,
          0,   0],
       [  0,   0,   0,   0,   0,   0,   0,   0,   0,   0,   0,   0,   0,
         81, 240, 253, 253, 119,  25,   0,   0,   0,   0,   0,   0,   0,
          0,   0],
       [  0,   0,   0,   0,   0,   0,   0,   0,   0,   0,   0,   0,   0,
          0,  45, 186, 253, 253, 150,  27,   0,   0,   0,   0,   0,   0,
          0,   0],
       [  0,   0,   0,   0,   0,   0,   0,   0,   0,   0,   0,   0,   0,
          0,   0,  16,  93, 252, 253, 187,   0,   0,   0,   0,   0,   0,
          0,   0],
       [  0,   0,   0,   0,   0,   0,   0,   0,   0,   0,   0,   0,   0,
          0,   0,   0,   0, 249, 253, 249,  64,   0,   0,   0,   0,   0,
          0,   0],
       [  0,   0,   0,   0,   0,   0,   0,   0,   0,   0,   0,   0,   0,
          0,  46, 130, 183, 253, 253, 207,   2,   0,   0,   0,   0,   0,
          0,   0],
       [  0,   0,   0,   0,   0,   0,   0,   0,   0,   0,   0,   0,  39,
        148, 229, 253, 253, 253, 250, 182,   0,   0,   0,   0,   0,   0,
          0,   0],
       [  0,   0,   0,   0,   0,   0,   0,   0,   0,   0,  24, 114, 221,
        253, 253, 253, 253, 201,  78,   0,   0,   0,   0,   0,   0,   0,
          0,   0],
       [  0,   0,   0,   0,   0,   0,   0,   0,  23,  66, 213, 253, 253,
        253, 253, 198,  81,   2,   0,   0,   0,   0,   0,   0,   0,   0,
          0,   0],
       [  0,   0,   0,   0,   0,   0,  18, 171, 219, 253, 253, 253, 253,
        195,  80,   9,   0,   0,   0,   0,   0,   0,   0,   0,   0,   0,
          0,   0],
       [  0,   0,   0,   0,  55, 172, 226, 253, 253, 253, 253, 244, 133,
         11,   0,   0,   0,   0,   0,   0,   0,   0,   0,   0,   0,   0,
          0,   0],
       [  0,   0,   0,   0, 136, 253, 253, 253, 212, 135, 132,  16,   0,
          0,   0,   0,   0,   0,   0,   0,   0,   0,   0,   0,   0,   0,
          0,   0],
       [  0,   0,   0,   0,   0,   0,   0,   0,   0,   0,   0,   0,   0,
          0,   0,   0,   0,   0,   0,   0,   0,   0,   0,   0,   0,   0,
          0,   0],
       [  0,   0,   0,   0,   0,   0,   0,   0,   0,   0,   0,   0,   0,
          0,   0,   0,   0,   0,   0,   0,   0,   0,   0,   0,   0,   0,
          0,   0],
       [  0,   0,   0,   0,   0,   0,   0,   0,   0,   0,   0,   0,   0,
          0,   0,   0,   0,   0,   0,   0,   0,   0,   0,   0,   0,   0,
          0,   0]], dtype=uint8)


[ ]	plt.matshow(X_train[0])


[ ]	for i in range(10):
  	plt.matshow(X_train[i])

[ ]	y_test.shape
	(10000,)

[ ]	y_test.ndim
1


[ ]	X_test.ndim
3


[ ]	X_train_flat = X_train.reshape(-1 , 28*28)
	X_test_flat = X_train.reshape(-1 , 28*28)

[ ]	X_train_flat[0].ndim
1

#ANN Model Creation



[ ]	from tensorflow.keras import Sequential
	from tensorflow.keras.layers import Dense


[ ]	model = Sequential([
                    # First Hidden layer
                    Dense(units = 10,
                          input_shape=(784,),
                          activation = 'sigmoid')
                    #second Hidden Layer
                    Dense(units = 100,
                          activation = 'sigmoid')
	])

	model.compile(
    		optimizer='adam',
    		loss='sparse_categorical_crossentropy',
    		metrics =['accuracy']
	)


[ ]	X_train_flat[0].shape
(784,)


#Train/Fit the model


[ ]	model.fit(X_train_flat, y_train, epochs=10)
Epoch 1/10
1875/1875 [==============================] - 4s 2ms/step - loss: 9.7338 - accuracy: 0.8409
Epoch 2/10
1875/1875 [==============================] - 3s 2ms/step - loss: 6.0850 - accuracy: 0.8787
Epoch 3/10
1875/1875 [==============================] - 3s 2ms/step - loss: 5.6792 - accuracy: 0.8822
Epoch 4/10
1875/1875 [==============================] - 3s 2ms/step - loss: 5.6418 - accuracy: 0.8850
Epoch 5/10
1875/1875 [==============================] - 3s 2ms/step - loss: 5.4227 - accuracy: 0.8874
Epoch 6/10
1875/1875 [==============================] - 3s 2ms/step - loss: 5.3693 - accuracy: 0.8882
Epoch 7/10
1875/1875 [==============================] - 3s 2ms/step - loss: 5.1550 - accuracy: 0.8894
Epoch 8/10
1875/1875 [==============================] - 3s 2ms/step - loss: 5.1709 - accuracy: 0.8885
Epoch 9/10
1875/1875 [==============================] - 3s 2ms/step - loss: 5.3214 - accuracy: 0.8876
Epoch 10/10
1875/1875 [==============================] - 3s 2ms/step - loss: 5.0091 - accuracy: 0.8917
<keras.callbacks.History at 0x7f4717edab10>


[ ]	y_pred = model.predict(X_test_flat)


[ ]	y_pred
array([[1.0000000e+00, 0.0000000e+00, 1.0000000e+00, ..., 1.6303033e-01,
        1.0000000e+00, 1.0000000e+00],
       [1.0000000e+00, 0.0000000e+00, 1.0000000e+00, ..., 1.4742602e-31,
        1.0000000e+00, 1.0000000e+00],
       [0.0000000e+00, 0.0000000e+00, 1.0000000e+00, ..., 1.0000000e+00,
        1.0000000e+00, 1.0000000e+00],
       ...,
       [1.4559924e-09, 1.0000000e+00, 4.2823649e-16, ..., 0.0000000e+00,
        1.0000000e+00, 5.2768278e-06],
       [1.0000000e+00, 0.0000000e+00, 1.0000000e+00, ..., 0.0000000e+00,
        2.7378980e-23, 9.5200836e-28],
       [1.0000000e+00, 0.0000000e+00, 1.8903859e-35, ..., 0.0000000e+00,
        1.0000000e+00, 1.0000000e+00]], dtype=float32)


[ ]	y_test
array([7, 2, 1, ..., 4, 5, 6], dtype=uint8)


[ ]	model.evaluate(X_test_flat, y_test)
Dataset: https://keras.io/api/datasets/cifar10/
*Jamboard: https://jamboard.google.com/d/1A6W0YxlaQsD1J2nuMtrmHuhf0V4o3XrNOpzzOkj4R1Y/edit?usp=sharing
